   2.0000000e+00   3.1041729e-01  -5.8771685e-01  -1.4080605e+00  -7.9859244e-01  -7.3375361e-01   1.7401510e+00   1.6491185e+00   1.0456511e+00  -8.5490467e-01  -2.2359105e+00
   1.0000000e+00  -8.3419207e-01  -4.1452380e-02  -4.4275044e-01   7.9920305e-01  -7.8820870e-01  -9.7572443e-01  -1.1711624e-01   5.4484954e-02   7.3287097e-01  -5.8396447e-01
   1.0000000e+00  -1.7045747e+00  -6.3794955e-02   6.5632867e-01   7.6727692e-01   3.0510370e-01  -4.2560323e-01  -2.7587181e-01  -9.6031826e-01   7.6375385e-02   2.1718486e+00
   2.0000000e+00   3.7774000e-01   3.6243139e-01   1.2852522e+00   9.0008017e-03   5.9159715e-01   9.5694046e-01  -7.1902263e-01   1.0864235e+00  -1.2908378e+00   4.8428940e-01
   1.0000000e+00   1.6347884e+00  -1.0473912e+00   2.7168178e-01  -2.1272447e+00   1.0150455e-01   5.5989879e-01  -4.4450604e-01  -8.3678749e-01   6.4458710e-01  -8.7386195e-01
   1.0000000e+00   7.8369042e-01  -2.2349143e+00  -3.3431227e-01   8.5852549e-01  -1.9855552e+00   1.4081327e+00   7.2358081e-02  -4.9212493e-01   1.0445560e-01  -6.7454250e-01
   2.0000000e+00   1.0282789e+00   2.8082865e+00  -1.1670750e-02  -5.4417946e-01  -2.0617919e+00   1.8357132e+00  -1.7567918e+00  -2.1983606e-01  -1.3932303e+00   7.3732850e-01
   2.0000000e+00   7.0828601e-01  -4.8878277e-01   4.4708837e-01  -1.0777158e+00  -4.6108346e-01  -4.3948191e-01  -1.6018333e+00   8.7384524e-01  -2.0242773e+00  -3.1846392e-01
   2.0000000e+00   5.8668858e-01   1.4342717e+00  -1.5064365e-01  -2.7001502e-01  -4.8955728e-01   3.3176291e-01  -1.2282789e-01  -1.1798095e+00  -9.0152427e-01   4.6244553e-01
   2.0000000e+00   2.3452913e-01   4.8060771e-01   3.6106277e-01  -1.1885803e+00  -5.8440648e-01  -4.2550402e-01  -6.7681419e-01  -2.1174102e+00   8.6725368e-01   4.4325137e-01
   2.0000000e+00  -1.2197673e+00   1.0659472e-01  -6.9174262e-01  -7.6095856e-01  -8.4780947e-01   4.0621926e-01   3.0196902e-01   2.8124248e-01  -9.7770879e-01   7.9928631e-02
   2.0000000e+00   7.9658295e-02   1.2322321e+00  -1.9617996e-01   3.1701318e-02  -1.2047667e+00   1.9905569e+00  -2.4802248e+00  -3.6440079e-01   1.1130277e+00  -8.6292376e-01
   2.0000000e+00  -2.4272962e+00   3.4434209e-01  -4.2942604e-01   1.3752285e+00  -1.8899170e-01   1.3771164e+00  -6.4394256e-02   7.7814932e-01  -5.4452195e-01  -1.2337847e-01
   2.0000000e+00   3.1680164e-02  -1.1871821e-01   1.2311742e+00  -7.8581947e-01   1.1037616e+00   8.1279777e-01  -6.2861772e-01   1.1197214e+00   1.0680210e+00   1.1103440e+00
   2.0000000e+00   3.9278755e-01  -1.9052950e+00   9.5184004e-01  -1.5960087e+00   1.6224175e-01  -8.4641619e-01  -4.9708211e-02  -1.1180469e+00  -2.6494262e-01   6.2829559e-01
   2.0000000e+00   2.0851515e+00  -2.6426172e-01  -3.6022781e-01  -2.1491815e+00  -5.3654989e-02  -4.8421516e-01   1.5044529e-01  -1.7725132e-01   1.6365899e+00   1.7066686e-01
   2.0000000e+00  -1.5510873e+00  -1.7312782e+00  -1.3221520e+00  -2.4782878e+00  -1.0504234e+00  -3.8618853e-01  -2.5458650e-01   9.8698151e-01   1.4127861e+00   1.5827869e+00
   2.0000000e+00   3.7154804e-01   2.8679551e-01   5.4951484e-01   1.8543150e-01  -9.1572758e-01   1.2061873e+00   3.8330332e-01  -1.2788735e+00  -2.0701198e+00   1.9143776e+00
   1.0000000e+00  -1.2190228e+00   1.4558524e+00  -5.2926306e-01  -1.6706501e+00  -2.4609549e+00   2.3163697e-02  -3.6037897e-01  -1.1732822e+00   2.6033241e-01   1.9607235e+00
   1.0000000e+00  -1.2654970e+00   1.0218512e+00  -2.7429163e-01   9.2449598e-01   5.8377195e-01   7.7401595e-01   6.5135412e-01   7.5845645e-01   5.8322806e-01  -1.8298753e+00
   2.0000000e+00   1.3374828e+00   9.2322817e-01   7.8097767e-01  -8.7600474e-01  -6.4594499e-01  -5.3145400e-01   6.1143812e-01   1.3361727e+00  -8.9624916e-01   1.2858502e+00
   1.0000000e+00   6.6345974e-01  -6.2477790e-01   4.9788479e-02   2.8867741e-01  -1.2586156e-01  -9.7471903e-01   8.7536527e-01   2.4972968e-01   7.1338171e-02   8.0298617e-01
   2.0000000e+00   4.6528950e-01  -2.6049496e-01   7.0605568e-02  -2.9086768e+00   7.8557588e-01   1.3466199e+00   2.0248465e+00   7.1842489e-01   1.2516393e+00  -8.2293833e-01
   2.0000000e+00  -7.4521615e-01  -1.2814150e+00   4.7393944e-01   4.5185905e-01  -5.9839640e-01  -1.0395063e+00  -2.8173925e-01   1.7767936e-01  -3.8999465e-01  -1.1847841e+00
   2.0000000e+00   1.9622958e-03  -2.6089681e-01   1.0785219e+00   9.9744233e-01  -1.2776938e+00   4.7818705e-01   1.8066186e+00   4.3775914e-01   1.8393069e+00  -8.1992001e-01
   2.0000000e+00  -2.3633020e-01   5.3832743e-01   8.9178216e-01  -8.1701153e-01   6.6867361e-01   1.2446730e-01   2.1767552e-02   1.3168040e-01  -1.4779155e-01  -8.7690127e-02
   2.0000000e+00   1.1119583e+00  -2.1380901e+00  -2.7603056e-02  -1.7155251e+00  -2.3197680e-01   1.2038205e+00   8.8757134e-02  -2.3460560e+00   9.2583839e-01   3.7663087e-01
   2.0000000e+00   5.9406081e-01  -1.2013714e+00   1.7601092e+00   7.2068530e-01   4.4132858e-02  -3.0944893e-01   9.5639769e-01   9.0249168e-01  -2.2044299e+00   7.7160648e-01
   2.0000000e+00  -3.8017167e-01  -8.4286915e-01  -1.0030693e+00  -6.2851388e-01   7.0788481e-02   1.4282329e+00  -9.2911328e-01   7.7246327e-01   3.5216276e-02   1.7284591e+00
   1.0000000e+00   2.9550565e-01  -1.3626248e+00  -4.5411962e-01  -8.7771337e-01  -3.2023481e-01  -1.9444644e+00  -1.5506031e+00   1.0981751e+00   4.3886437e-01  -9.7096140e-01
   2.0000000e+00  -4.4752977e-01   7.4873396e-01   5.0793714e-01  -3.5854558e-01  -1.5115334e+00  -8.0976722e-01  -1.0056854e-01   8.7303999e-01  -9.6460703e-01   7.7013245e-01
   2.0000000e+00   2.8488538e-01   4.7875199e-01   3.2973121e-01  -9.4086979e-01   1.2783238e-01  -4.6245177e-01  -1.0662280e+00   3.9827355e-01  -2.7942304e-03   1.5068646e+00
   2.0000000e+00  -8.0432206e-01  -1.5736517e+00  -7.6808861e-01   7.7827621e-01  -1.9122243e+00  -8.9146126e-01  -3.7212321e-01  -1.2934148e+00   1.2355724e+00   3.0965771e-01
   2.0000000e+00   6.0422795e-01   1.7154227e+00  -6.5219114e-01  -1.0058237e+00   1.5821913e+00  -1.0613210e+00  -1.7792112e+00  -2.0647459e+00  -1.8161402e-01  -6.6533259e-01
   2.0000000e+00  -5.4265971e-01  -2.2544533e+00   1.7461895e-01   3.9445376e-03   1.1046396e+00   1.3408135e-01  -1.1180076e+00  -1.1400785e+00  -3.5458761e-02   4.3423314e-01
   2.0000000e+00   3.9311939e-01  -2.3837133e+00   2.5260897e-01  -8.0953948e-01  -1.1741750e+00   7.8774829e-01   3.3059262e-01   1.0495757e+00   1.0136674e+00   5.7670685e-01
   2.0000000e+00  -2.1727981e-01  -2.7430956e-01  -1.5739434e+00  -1.4350212e-01  -9.1422123e-01   1.1617122e+00  -1.2174057e+00   3.9642781e-01  -6.6213397e-01  -5.1948387e-01
   2.0000000e+00  -1.4634272e+00   2.5094446e-01  -9.7162549e-01   7.5678049e-01   4.3979549e-01  -1.9432134e+00   4.3226444e-01  -5.1292871e-01   6.4129478e-02  -2.6928838e-01
   2.0000000e+00  -5.0089961e-01  -2.8060788e-01   9.8386853e-01   4.4253111e-01   6.1850144e-01   4.5766220e-01  -9.2773547e-01   7.3015252e-01   3.1538854e-01   1.4406678e+00
   2.0000000e+00   2.5788895e+00  -2.5195122e-01  -8.8234699e-01  -1.1222941e+00   7.9112263e-02   1.1616296e+00   4.6784646e-01  -1.7653153e+00   4.6807102e-01  -5.5447177e-01
   1.0000000e+00  -6.5821434e-01   2.6216502e-01   8.6834866e-01   1.8418334e-01  -1.2583266e+00   1.3806982e+00  -5.9749984e-01  -1.9901560e-01   1.4019177e-01  -5.2526343e-01
   1.0000000e+00   8.0843419e-01  -5.2705864e-01   6.0307463e-01   1.4525779e+00   2.2123608e-01  -5.4791789e-02  -6.4488654e-01  -2.8065910e-01   3.2354021e-01  -9.0440075e-01
   2.0000000e+00  -1.4039143e+00   6.0973498e-01   7.3778407e-01  -7.5116322e-01   1.8076474e-01   1.4050994e-02  -7.2496535e-01  -2.8674325e-01  -4.7103295e-01  -8.8902881e-01
   2.0000000e+00  -6.0082002e-01   1.2062007e+00  -3.1481555e-02   6.0197633e-01   2.6776133e-01   1.0445651e+00   1.4034716e-01  -1.8966752e+00  -1.4545906e-01   3.8845603e-01
   2.0000000e+00  -4.1936613e-01   1.2474393e+00   1.3503840e+00  -1.8820188e+00   5.2128279e-01   1.5180469e+00  -4.5756068e-02  -1.2726146e-02  -5.5987817e-01  -1.8551676e-01
   2.0000000e+00  -1.7665885e+00   1.8441630e+00  -1.2417978e+00   1.9798189e+00  -1.7197267e-02  -2.2125736e+00  -5.8813517e-01  -1.0525715e-01   1.8004229e+00   1.6947360e-01
   1.0000000e+00  -8.0096062e-01  -7.8109088e-01  -4.6562390e-02   6.8494254e-01  -1.8270726e+00   1.1854460e+00  -9.5018350e-01   2.3049134e-01   8.6670554e-01   1.2661491e+00
   2.0000000e+00   1.0643457e-02   8.4593427e-01   4.0231887e-01   1.1552318e+00   5.7131082e-02   9.9909941e-01  -2.9128251e-01  -2.7517719e-01  -2.2753898e-01   1.9286647e+00
   2.0000000e+00  -1.1992488e+00   1.2866676e+00   8.7869364e-01   1.7563489e+00  -6.8478644e-01   3.7788236e-01   9.1008518e-01   7.4704852e-01  -6.2422932e-01   1.0752998e+00
   1.0000000e+00   8.0469706e-01   1.6586176e-01   5.3870419e-01  -3.2850276e-01   1.4516965e+00  -7.3243102e-01   7.2102969e-02   7.4357957e-02   2.6071087e-02   6.0072634e-01
   2.0000000e+00  -1.3210335e-01  -3.1608776e-02  -1.4244102e+00  -7.1643049e-01  -2.4471906e+00   2.8129288e+00   6.5269002e-01  -7.2187359e-01   2.2953459e+00   1.7258412e+00
   2.0000000e+00   3.1093170e-01   1.0848361e+00  -8.8065093e-02   4.7000139e-01  -3.2615797e-01  -2.7478411e-01  -1.0115101e-01  -6.2449850e-02  -1.8531778e-01   6.6345482e-01
   1.0000000e+00  -5.3075895e-01  -7.9767169e-01  -4.3844338e-01  -2.4340540e-02   2.8154232e-01   1.5221342e+00   7.4182276e-01   1.6988554e+00   5.8379180e-01   2.1576886e+00
   2.0000000e+00   1.7271074e+00   9.6928531e-01  -1.7070275e+00   7.6588130e-01  -2.5534437e+00   2.3390755e+00  -2.3892391e-01   7.6497878e-01  -3.8717796e-01  -7.3581881e-02
   2.0000000e+00   1.2496576e+00   3.3955279e+00  -9.0482475e-01  -1.0107153e+00  -5.0598695e-01  -2.3971810e-01   5.6565357e-01   1.2603868e+00   3.5295840e-01   5.0876809e-01
   2.0000000e+00  -9.5029171e-01  -1.4463657e+00   8.3004063e-01  -1.5398086e+00   2.5238354e-01   2.0111813e+00  -4.1360054e-01   1.5707948e+00  -3.7951873e-01   7.9098428e-01
   2.0000000e+00  -9.9432537e-01   8.6752859e-01  -9.5439276e-01  -2.4020657e+00  -7.3734402e-01   1.9309010e+00   1.5906605e+00   7.0243507e-01  -1.0613550e+00  -1.9595252e-01
   1.0000000e+00  -1.2583008e+00  -6.5369189e-01   1.3966542e-01   5.3165371e-01   2.6347219e-01  -1.9014500e-01  -2.4561647e-01   1.3583194e+00   8.6132622e-02  -6.7473001e-01
   2.0000000e+00   1.4406707e+00  -5.7031964e-02   2.6681915e+00   5.4222097e-01  -5.1208393e-02   1.2187952e+00   6.6571989e-02   5.9835871e-01  -2.6974009e-01   1.0167531e+00
   2.0000000e+00   2.4781127e-01   2.2878914e+00  -6.5963639e-01   2.1294274e+00   2.0845121e+00  -1.5342356e+00  -8.6485780e-01  -2.2046335e+00   5.8932650e-01   4.1810937e-01
   2.0000000e+00  -6.4820070e-01  -1.7850527e+00  -1.6736688e+00   1.2923581e+00  -1.4274668e+00   9.7675802e-01   5.4772304e-01  -1.0621012e+00   1.5462679e+00  -2.9724067e-01
   1.0000000e+00  -3.6607880e-01   7.0047786e-01   5.8056898e-01  -7.2385741e-01   5.2130188e-01  -1.2011653e-01   6.4846110e-01   5.0533730e-01   6.7741533e-02  -7.6107426e-01
   2.0000000e+00   4.5609274e-01   1.2438925e+00  -2.1035690e+00  -8.8746608e-02  -1.3065990e+00  -9.0880512e-01   8.8165312e-01  -4.4621399e-01  -1.4231421e+00   2.5101156e-01
   2.0000000e+00   1.4250822e-01  -1.8487630e+00   5.9827275e-01  -5.7492308e-01   1.1817698e+00  -4.7412116e-01  -6.5476147e-01   7.4132263e-01  -1.9142098e+00  -1.6828153e+00
   2.0000000e+00  -1.4189396e+00  -1.6030536e-02   1.0186533e+00  -8.9722240e-01  -1.1058633e+00   1.1711819e+00   2.9892291e-01   8.3740922e-01   3.6670716e-01  -1.7278186e-02
   2.0000000e+00  -2.4144752e-01  -8.4382838e-01  -1.1596954e+00  -7.1698709e-01   4.8882747e-01  -4.6217611e-01  -1.1270270e-01  -8.2113926e-02   4.4991958e-01  -1.5528772e+00
   2.0000000e+00   6.8164890e-01   6.8459762e-01  -1.1845826e+00  -9.3442135e-01  -9.9676889e-01  -7.9884788e-01  -4.8878091e-01  -1.4029796e+00   7.0473640e-01  -2.0958462e+00
   2.0000000e+00   5.8099729e-01   1.0515345e+00   5.7981293e-01   1.0412872e-01   1.0309507e+00  -4.5607785e-01  -8.0972611e-01   1.9177190e+00   5.9118623e-01   1.0472616e+00
   2.0000000e+00  -9.1904247e-01   7.4708936e-01  -1.1793673e-01  -3.0864328e+00  -2.7041083e-01   7.6696261e-01   1.0445480e+00   1.1277369e+00  -9.5745287e-01   3.1167682e-01
   2.0000000e+00  -1.1166704e+00  -7.0553322e-01   8.8507863e-01   1.6472267e-01   1.2806616e+00  -1.2399271e+00  -1.5758494e+00  -1.5787904e-01  -2.2831238e-01  -1.2456904e+00
   2.0000000e+00  -8.1253442e-01  -1.5076619e+00  -8.2466932e-02  -1.9685426e+00  -5.9291774e-01   3.5125801e-01  -1.0867867e+00   1.4886171e+00  -5.7662321e-01   5.4548506e-01
   2.0000000e+00  -1.7187938e-01  -6.4992248e-01  -1.7348527e+00   1.6509351e-01  -1.3128130e+00  -5.5796218e-02   4.8058873e-01  -3.4219679e-01  -1.3770603e-01  -1.5559387e-01
   2.0000000e+00  -1.6126840e-01   1.0363351e+00  -1.3933130e+00   7.7094373e-01  -2.0214759e-01  -3.4979993e-01   4.7419130e-01  -1.1963624e-01  -1.9082639e+00   6.2799778e-02
   2.0000000e+00  -3.1559116e-01   5.7120964e-01  -1.6389822e-01   1.8725930e-01   4.2389238e-01  -2.0198782e+00   1.1692807e+00  -1.8100422e+00   1.4075261e+00   7.5412225e-01
   2.0000000e+00  -6.2195621e-01   1.5399262e+00  -1.3898063e-01   9.0694767e-01  -1.2081410e+00  -1.1145842e-01   2.1456356e+00  -8.8047434e-01  -7.9777064e-01  -8.4418679e-01
   2.0000000e+00  -2.7221215e+00  -1.8113107e-01  -7.0935729e-01  -4.4496125e-01  -3.3563184e+00  -6.8284251e-01   3.0293436e-01  -9.1465049e-01  -1.0142840e+00   1.2338158e-01
   2.0000000e+00  -8.6614023e-01  -7.7176082e-01   1.1652009e+00  -1.6568290e-01   1.6787172e-01  -1.6905332e+00   1.9161169e-01  -5.1979545e-01  -1.3554867e+00   2.5831665e-01
   2.0000000e+00   2.6421487e-01  -5.6493116e-01   1.5960312e+00   1.3714325e+00   7.9098749e-01   2.0325644e-02  -2.4163536e-01  -9.6465772e-01  -1.9772670e-01  -8.8590505e-01
   2.0000000e+00  -4.4629929e-01  -8.4528677e-01  -2.8565546e-01  -3.2406831e-01   6.3583040e-01  -2.5980648e+00  -1.2187096e-01  -7.1304460e-01  -2.2260917e-01  -3.5259204e-01
   2.0000000e+00  -4.6496872e-01   6.0394079e-02  -1.1436369e+00  -2.9192167e-01   4.2654132e-01   8.2046594e-01  -7.1209842e-01  -1.6031660e+00   8.5481849e-01   1.0021629e+00
   2.0000000e+00  -5.7169561e-01   4.4998871e-02  -1.0071892e+00  -9.9879182e-01  -8.3989537e-02   4.9687801e-02   4.3978209e-01  -8.4316341e-01  -1.6962814e+00  -1.5579223e-01
   2.0000000e+00   8.4544440e-01   6.9023113e-01  -6.1934305e-02  -6.4155669e-02   8.7541373e-01  -1.1288362e+00  -5.2765248e-01  -7.8031726e-01   1.2295682e+00  -2.1557552e-01
   2.0000000e+00  -9.7355870e-01  -4.8034848e-01   1.5184801e+00  -7.4925698e-01  -2.3073486e+00   8.2900999e-01  -4.9080264e-01  -2.1804083e+00  -1.0327929e+00   1.0513988e+00
   1.0000000e+00  -8.6416414e-01   6.9399638e-01   5.3525563e-01   1.4757726e+00  -1.7569014e+00  -7.4406681e-01   4.4861206e-01   7.5415505e-01   3.6332338e-02   1.4379659e-01
   2.0000000e+00  -7.9520472e-01   1.3074617e-01   1.1799814e+00   2.3459875e-01  -1.3632265e+00  -5.4720421e-01  -5.2226950e-01  -7.0527797e-01  -1.0457095e+00  -8.4878622e-01
   2.0000000e+00   7.6944849e-01  -4.2910244e-02  -1.3291840e+00  -7.3408153e-02  -1.6144614e+00   1.8711327e-01   8.9768421e-01   1.2444077e-01  -9.2164115e-01   1.0102573e-01
   2.0000000e+00   1.0824107e+00  -7.5850987e-01   1.3396939e-01  -1.5268000e+00   1.0351584e-01  -1.1515128e+00  -2.0681556e+00   3.3747068e-01   9.7856367e-01   1.3482706e+00
   2.0000000e+00  -3.3977601e-01   6.1463069e-01  -6.5222761e-02   6.3566478e-01   6.9982181e-01  -1.1673472e+00  -1.6188637e+00  -1.3908804e+00  -1.6526751e+00  -3.1190719e-01
   2.0000000e+00  -3.8450233e-01   2.0810352e+00   8.6613572e-01   1.0273545e+00  -1.8372276e+00  -1.1990618e+00  -8.5535750e-01  -3.2505057e-01  -1.1765250e+00  -3.7269596e-01
   2.0000000e+00   1.7235993e+00  -5.2505181e-01   7.6423239e-01   6.8444382e-02   6.9486981e-01   1.2167269e+00   4.4293265e-01   2.2903687e-01   2.3334292e+00  -4.2876324e-01
   2.0000000e+00  -1.3067421e-01   4.1635447e-02   1.1896306e+00   4.3009721e-01   2.4532525e+00  -7.5432513e-01  -5.9343726e-01   1.2673097e+00   5.5091223e-02   7.9526222e-01
   2.0000000e+00   1.8130780e+00  -6.4618647e-01  -5.1450080e-01  -1.3045470e+00   4.6671125e-01   8.4056656e-01  -1.5139314e+00  -1.3309783e+00  -2.0704898e+00  -1.7831849e+00
   2.0000000e+00   1.1120122e+00  -1.8124780e-01   1.8787784e+00   7.5757950e-01  -7.8046315e-01   3.7917282e-01  -2.0073898e+00   2.2296759e-01   1.1774544e+00   1.2250570e+00
   2.0000000e+00   4.8298640e-01  -1.6283288e-01   3.0825677e-01  -9.3611572e-01   7.9149206e-01  -1.0720288e+00  -1.7390473e-02   2.6633040e-01  -3.9242788e-01   9.7308972e-01
   2.0000000e+00   8.4870097e-01  -7.4173130e-01  -1.4378946e-01   1.5930927e+00   6.8176840e-01   7.2948093e-01  -1.4239696e+00   1.1958369e+00  -6.6002944e-01   1.0428284e-01
   2.0000000e+00   4.9038997e-01  -8.5192714e-01   1.5585371e+00   1.6804066e+00   6.9330183e-01  -4.0111895e-01   5.7882340e-01   4.5390185e-01  -5.6288173e-01  -2.2215412e-01
   2.0000000e+00   1.4850372e+00   8.6191029e-01  -6.8541569e-01   2.7224914e-02   2.7851093e+00   5.3642221e-01   1.1372679e+00  -1.4540042e-01  -7.0239568e-01  -2.5015399e-03
   2.0000000e+00   7.5456545e-01   4.4143549e-01   1.2940816e+00  -8.0949881e-01   1.8442699e+00   6.4473071e-01  -3.8809499e-01   7.1863840e-01   1.2593627e+00  -8.8537520e-01
   2.0000000e+00   1.1184173e-01   1.6494020e+00  -9.2618431e-01  -6.1938036e-02  -1.6297258e+00  -1.1488546e-02   1.2168279e+00  -2.7312126e-01   8.8454019e-01   2.0972689e+00
   2.0000000e+00  -4.4262739e-02  -4.4618220e-01   7.3302094e-01   9.5958228e-01   8.0836103e-01  -7.1819635e-01   1.6302725e+00   4.2698626e-01  -1.5475984e-01  -5.8414089e-01
